20,Canada,0.0,1.0,0.0,1.0
31,Bahamas,0.0,1.0,0.0,1.0
40,Cuba,0.0,1.0,0.0,1.0
41,Haiti,0.0,1.0,0.0,1.0
42,Dominican Republic,0.0,1.0,0.0,1.0
51,Jamaica,0.0,1.0,0.0,1.0
52,Trinidad and Tobago,0.0,1.0,0.0,1.0
53,Barbados,0.0,1.0,0.0,1.0
54,Dominica,0.0,1.0,0.0,1.0
55,Grenada,0.0,1.0,0.0,1.0
56,St. Lucia,0.0,1.0,0.0,1.0
57,St. Vincent and the Grenadines,0.0,1.0,0.0,1.0
58,Antigua & Barbuda,0.0,1.0,0.0,1.0
60,St. Kitts and Nevis,0.0,1.0,0.0,1.0
70,Mexico,0.0,1.0,0.0,1.0
80,Belize,0.0,1.0,0.0,1.0
90,Guatemala,0.0,1.0,0.0,1.0
91,Honduras,0.0,1.0,0.0,1.0
92,El Salvador,0.0,1.0,0.0,1.0
93,Nicaragua,0.0,1.0,0.0,1.0
94,Costa Rica,0.0,1.0,0.0,1.0
95,Panama,0.0,1.0,0.0,1.0
100,Colombia,0.0,1.0,0.0,1.0
101,Venezuela,0.0,1.0,0.0,1.0
110,Guyana,0.0,1.0,0.0,1.0
115,Suriname,0.0,1.0,0.0,1.0
130,Ecuador,0.0,1.0,0.0,1.0
135,Peru,0.0,1.0,0.0,1.0
140,Brazil,0.22186550099500119,0.1003011160452398,0.16366301291802834,0.2281008492136549
145,Bolivia,0.0,1.0,0.0,1.0
150,Paraguay,0.0,1.0,0.0,1.0
155,Chile,0.0,1.0,0.0,1.0
160,Argentina,0.36526969313006646,0.005637863107685397,-0.28647755383784423,0.03231143306268567
165,Uruguay,0.0,1.0,0.0,1.0
205,Ireland,0.0,1.0,0.0,1.0
210,Netherlands,0.0,1.0,0.0,1.0
211,Belgium,0.0,1.0,0.0,1.0
212,Luxembourg,0.0,1.0,0.0,1.0
223,Liechtenstein,0.0,1.0,0.0,1.0
225,Switzerland,-0.8637596924948735,1.0507927458246493e-17,-0.7753328924479505,2.2980448671461517e-12
230,Spain,0.0,1.0,0.0,1.0
235,Portugal,0.0,1.0,0.0,1.0
260,Germany/German Federal Republic,0.0,1.0,0.0,1.0
265,German Democratic Republic,0.0,1.0,0.0,1.0
290,Poland,0.0,1.0,0.0,1.0
305,Austria,0.0,1.0,0.0,1.0
310,Hungary,0.0,1.0,0.0,1.0
315,Czechoslovakia,0.0,1.0,0.0,1.0
316,Czech Republic,0.0,1.0,0.0,1.0
317,Slovakia,0.0,1.0,0.0,1.0
325,Italy,0.0,1.0,0.0,1.0
338,Malta,0.0,1.0,0.0,1.0
339,Albania,0.0,1.0,0.0,1.0
344,Croatia,0.0,1.0,0.0,1.0
345,Yugoslavia,0.0031059469742165447,0.9818747434690505,0.040644184919239955,0.7661488128960254
346,Bosnia and Herzegovina,0.0,1.0,0.0,1.0
349,Slovenia,0.0,1.0,0.0,1.0
350,Greece,0.0,1.0,0.0,1.0
352,Cyprus,0.0,1.0,0.0,1.0
355,Bulgaria,0.0,1.0,0.0,1.0
359,Moldova,0.0,1.0,0.0,1.0
360,Romania,0.3021705148256113,0.02360908584614138,0.30288255292094335,0.023266473670766456
366,Estonia,0.0,1.0,0.0,1.0
367,Latvia,0.0,1.0,0.0,1.0
368,Lithuania,0.0,1.0,0.0,1.0
369,Ukraine,0.0,1.0,0.0,1.0
370,Belarus,0.0,1.0,0.0,1.0
371,Armenia,0.0,1.0,0.0,1.0
372,Georgia,0.0,1.0,0.0,1.0
373,Azerbaijan,0.0,1.0,0.0,1.0
375,Finland,0.0,1.0,0.0,1.0
380,Sweden,-0.8646167096225463,8.964008855807155e-18,-0.9590276310667009,2.9756471541040045e-31
385,Norway,0.0,1.0,0.0,1.0
390,Denmark,0.0,1.0,0.0,1.0
395,Iceland,0.0,1.0,0.0,1.0
402,Cape Verde,0.0,1.0,0.0,1.0
403,Sao Tome and Principe,0.0,1.0,0.0,1.0
404,Guinea-Bissau,0.0,1.0,0.0,1.0
411,Equatorial Guinea,0.0,1.0,0.0,1.0
420,Gambia,0.0,1.0,0.0,1.0
432,Mali,0.0,1.0,0.0,1.0
433,Senegal,0.0,1.0,0.0,1.0
434,Benin,0.0,1.0,0.0,1.0
435,Mauritania,0.0,1.0,0.0,1.0
436,Niger,0.0,1.0,0.0,1.0
437,Ivory Coast,0.0,1.0,0.0,1.0
438,Guinea,0.0,1.0,0.0,1.0
439,Burkina Faso,0.0,1.0,0.0,1.0
450,Liberia,0.0,1.0,0.0,1.0
451,Sierra Leone,0.0,1.0,0.0,1.0
452,Ghana,0.0,1.0,0.0,1.0
461,Togo,0.0,1.0,0.0,1.0
471,Cameroon,0.0,1.0,0.0,1.0
475,Nigeria,0.0,1.0,0.0,1.0
481,Gabon,0.0,1.0,0.0,1.0
482,Central African Republic,0.0,1.0,0.0,1.0
483,Chad,0.0,1.0,0.0,1.0
484,Congo,0.0,1.0,0.0,1.0
490,Democratic Republic of the Congo,0.0,1.0,0.0,1.0
500,Uganda,0.0,1.0,0.0,1.0
501,Kenya,0.0,1.0,0.0,1.0
510,Tanzania,0.0,1.0,0.0,1.0
516,Burundi,0.0,1.0,0.0,1.0
517,Rwanda,0.0,1.0,0.0,1.0
520,Somalia,0.0,1.0,0.0,1.0
522,Djibouti,0.0,1.0,0.0,1.0
530,Ethiopia,0.0,1.0,0.0,1.0
531,Eritrea,0.0,1.0,0.0,1.0
540,Angola,0.0,1.0,0.0,1.0
541,Mozambique,0.0,1.0,0.0,1.0
551,Zambia,0.0,1.0,0.0,1.0
552,Zimbabwe,0.0,1.0,0.0,1.0
553,Malawi,0.0,1.0,0.0,1.0
560,South Africa,-0.24630914179312136,0.06725863578928393,-0.23802501866556802,0.07730730509614636
565,Namibia,0.0,1.0,0.0,1.0
570,Lesotho,0.0,1.0,0.0,1.0
571,Botswana,0.0,1.0,0.0,1.0
572,Swaziland,0.0,1.0,0.0,1.0
580,Madagascar,0.0,1.0,0.0,1.0
581,Comoros,0.0,1.0,0.0,1.0
590,Mauritius,0.0,1.0,0.0,1.0
591,Seychelles,0.0,1.0,0.0,1.0
600,Morocco,0.0,1.0,0.0,1.0
615,Algeria,0.4586724137440054,0.003316578815884881,0.45296073454245783,0.003784292128813265
616,Tunisia,0.0,1.0,0.0,1.0
620,Libya,0.9057676616401801,1.594546269867126e-19,0.7960575079137687,4.842786491378951e-12
625,Sudan,0.0,1.0,0.0,1.0
630,Iran,0.5977335193185122,1.1500263974004767e-06,0.6888077093684968,4.404155782758173e-09
640,Turkey,0.0,1.0,0.0,1.0
645,Iraq,0.5870550127649768,1.9789059429701276e-06,0.592994437384785,1.4667778486875741e-06
651,Egypt,-0.0015072206499131316,0.991203807626231,-0.41970036453365256,0.0012818810959024445
652,Syria,0.04849949061461119,0.7226194540088321,0.09194135878728228,0.5003509037434974
660,Lebanon,0.0,1.0,0.0,1.0
663,Jordan,0.0,1.0,0.0,1.0
666,Israel,0.0,1.0,0.0,1.0
670,Saudi Arabia,0.0,1.0,0.0,1.0
678,Yemen Arab Republic,0.0,1.0,0.0,1.0
679,Yemen,0.0,1.0,0.0,1.0
680,Yemen People's Republic,0.0,1.0,0.0,1.0
690,Kuwait,0.0,1.0,0.0,1.0
692,Bahrain,0.0,1.0,0.0,1.0
694,Qatar,0.0,1.0,0.0,1.0
696,United Arab Emirates,0.0,1.0,0.0,1.0
698,Oman,0.0,1.0,0.0,1.0
700,Afghanistan,0.0,1.0,0.0,1.0
701,Turkmenistan,0.0,1.0,0.0,1.0
702,Tajikistan,0.0,1.0,0.0,1.0
703,Kyrgyzstan,0.0,1.0,0.0,1.0
704,Uzbekistan,0.0,1.0,0.0,1.0
705,Kazakhstan,0.0,1.0,0.0,1.0
712,Mongolia,0.0,1.0,0.0,1.0
731,North Korea,0.713842426553918,1.9703611577180643e-09,0.7193988504211364,1.2885478921437053e-09
732,South Korea,0.1801567903958448,0.19674578092328598,-0.2817796215704509,0.04094418201481983
740,Japan,0.0,1.0,0.0,1.0
750,India,0.0,1.0,0.0,1.0
760,Bhutan,0.0,1.0,0.0,1.0
770,Pakistan,0.0,1.0,0.0,1.0
771,Bangladesh,0.0,1.0,0.0,1.0
775,Myanmar,0.0,1.0,0.0,1.0
780,Sri Lanka,0.0,1.0,0.0,1.0
781,Maldives,0.0,1.0,0.0,1.0
790,Nepal,0.0,1.0,0.0,1.0
800,Thailand,0.0,1.0,0.0,1.0
811,Cambodia,0.0,1.0,0.0,1.0
812,Laos,0.0,1.0,0.0,1.0
816,Vietnam,0.0,1.0,0.0,1.0
817,Republic of Vietnam,0.0,1.0,0.0,1.0
820,Malaysia,0.0,1.0,0.0,1.0
830,Singapore,0.0,1.0,0.0,1.0
835,Brunei,0.0,0.0,0.0,0.0
840,Philippines,0.0,1.0,0.0,1.0
850,Indonesia,-0.26392552386644946,0.04935694661196792,-0.18935272352755678,0.16220083037027125
900,Australia,-0.40701109612291153,0.0018514481697825711,-0.5644562511736082,5.868006990842847e-06
910,Papua New Guinea,0.0,1.0,0.0,1.0
920,New Zealand,0.0,1.0,0.0,1.0
935,Vanuatu,0.0,1.0,0.0,1.0
940,Solomon Islands,0.0,1.0,0.0,1.0
946,Kiribati,0.0,1.0,0.0,1.0
947,Tuvalu,0.0,1.0,0.0,1.0
950,Fiji,0.0,1.0,0.0,1.0
955,Tonga,0.0,1.0,0.0,1.0
970,Nauru,0.0,1.0,0.0,1.0
983,Marshall Islands,0.0,1.0,0.0,1.0
986,Palau,0.0,1.0,0.0,1.0
987,Federated States of Micronesia,0.0,1.0,0.0,1.0
990,Samoa,0.0,1.0,0.0,1.0
